501
998
761
22
775
441
29
39
19
298
11
604
28
1
4
167
799
265
70
154
483
109
820
181
254
196
436
584
412
3
387
17
7
286
78
442
50
479
296
166
504
329
241
391
908
712
431
13
606
230
497
275
34
314
90
24
125
951
570
25
602
41
433
605
964
48
688
92
260
145
768
83
860
5
652
645
35
358
233
60
9
509
557
644
309
536
567
23
370
159
21
203
38
208
852
89
300
393
225
179
194
467
228
87
211
287
113
516
268
435
677
802
139
550
187
75
616
755
184
178
279
704
174
120
638
325
73
743
364
81
450
281
56
98
140
62
576
229
14
43
106
746
170
320
913
107
212
315
136
121
201
724
189
63
505
302
367
997
588
74
100
826
493
551
348
439
103
294
141
994
193
197
654
460
784
219
278
127
217
247
255
855
45
209
777
148
245
210
406
446
924
261
472
313
531
559
477
33
149
532
499
723
627
849
77
205
251
596
416
332
778
277
361
176
614
132
112
111
423
756
899
239
202
468
216
560
771
177
292
648
702
888
706
836
213
16
135
323
923
556
351
258
319
220
745
451
803
312
283
732
565
192
299
186
276
42
284
316
736
301
272
561
647
500
906
164
311
326
267
457
463
727
613
305
356
334
506
303
282
404
546
333
430
507
142
328
671
776
346
377
232
317
352
110
293
400
274
420
240
389
349
340
739
380
530
421
347
893
626
629
812
729
922
880
342
360
473
369
486
488
222
514
869
453
754
926
440
719
962
425
362
733
378
575
970
456
526
939
462
707
502
623
397
950
889
966
650
396
235
519
379
679
819
381
848
597
569
515
678
747
485
921
809
508
539
354
480
663
870
687
429
594
830
574
807
540
549
489
641
992
691
658
667
682
411
448
533
728
815
491
669
865
786
374
520
867
767
649
655
821
640
538
122
785
554
611
741
725
907
851
843
811
874
646
610
790
690
779
963
680
555
541
942
804
827
722
978
592
842
954
886
708
672
730
308
357
787
792
831
766
890
850
591
791
757
844
823
839
936
896
718
887
693
621
656
987
878
829
972
738
905
742
713
764
955
780
593
969
845
875
935
694
854
639
986
948
642
863
917
976
692
772
859
971
931
734
748
822
975
864
877
914
959
895
944
900
925
938
933
989
983
0 2
